% Matrices
m = [ 1, 1, 20;
      0, 1, 0;
      0, 0, 1];
n = [4, 5, 1;
     1, 0, 3;
     1, 9, 2];
